59564000665
59564000814
59564001007
59564001056
59564001408
59564001537
59564001967
59564002172
59564002392
59564030387
59564030780
59564030814
59564030968
59564031038
59564031056
59564100273
59564100295
59564100535
59564100549
59564130400
59564130951
59564131692
59564132037
59564200147
59564200150
59564200195
59564200455
59564200483
59564200781
59564201162
59564201350
59564202259
59564202305
59564230251
59564230662
59564231037
59564231095
59564231512
59564231793
59564300026
59564300434
59564300446
59564300776
59564300967
59564301501
59564301594
59564301757
59564302068
59564302150
59564330106
59564330355
59564331032
59564331275
59564331534
59564332068
59564400070
59564400805
59564400806
59564401303
59564401316
59564401419
59564401525
59564401963
59564430529
59565000417
59565030303
59565030337
59565030417
59565030864
59565100145
59565100257
59565100413
59565101730
59565103083
59565130547
59565130559
59565130607
59565130609
59565130622
59565130641
59565130708
59565130770
59565131030
59565131171
59565132518
59565133364
59565200689
59565200737
59565200865
59565203029
59565203527
59565203938
59565204357
59565205007
59565205368
59565230265
59565230313
59565230401
59565230860
59565231182
59565231240
59565232290
59565232336
59565232412
59565233258
59565233366
59565233372
59565233968
59565235635
59565235839
59565300133
59565300456
59565300706
59565300736
59565301459
59565301557
59565301655
59565302765
59565303717
59565303881
59565304068
59565304921
59565304922
59565306334
59565330133
59565330703
59565331546
59565332002
59565334302
59565335239
59565336936
59565401067
59565401167
59565401897
59565402199
59565402993
59565403163
59565403461
59565403631
59565403978
59565404329
59565404409
59565405251
59565405338
59565405367
59565432109
59565501115
59565530059
59565530113
59565530474
59566000251
59566000676
59566030267
59566030772
59566100491
59566100546
59566100857
59566101122
59566101633
59566101803
59566102024
59566102071
59566102087
59566102384
59566102485
59566102786
59566103233
59566104044
59566104639
59566130026
59566131275
59566131503
59566131671
59566132536
59566132610
59566133630
59566134559
59566200692
59566200705
59566200914
59566201180
59566201190
59566201200
59566201515
59566201610
59566201648
59566202091
59566202092
59566202480
59566202641
59566202896
59566203418
59566203846
59566204831
59566204895
59566204999
59566205206
59566205237
59566205481
59566205564
59566205725
59566205762
59566205913
59566206035
59566206308
59566206333
59566206751
59566207351
59566207440
59566208283
59566208660
59566208740
59566208741
59566209366
59566209860
59566210006
59566210631
59566211229
59566211440
59566212608
59566213032
59566213858
59566213949
59566214018
59566214140
59566214465
59566230186
59566231995
59566232426
59566232848
59566233417
59566233565
59566234990
59566235086
59566236052
59566236220
59566236849
59566237416
59566237668
59566241483
59566241883
59566241917
59566242194
59566242391
59566242392
59566242802
59566242854
59566244137
59566244206
59566245317
59566300162
59566300246
59566300355
59566300357
59566300962
59566301565
59566301958
59566302362
59566302844
59566302992
59566303467
59566303593
59566303681
59566303860
59566303887
59566303898
59566303904
59566304660
59566304740
59566305290
59566305620
59566305642
59566305820
59566306003
59566306420
59566306902
59566307079
59566307114
59566307618
59566307687
59566309164
59566309177
59566309436
59566309438
59566309485
59566309553
59566309561
59566310522
59566311207
59566311381
59566311748
59566313657
59566313914
59566313927
59566313988
59566314628
59566316449
59566317579
59566330222
59566330493
59566331066
59566331291
59566332165
59566332638
59566333691
59566334955
59566336629
59566336732
59566336751
59566337258
59566338878
59566340053
59566342071
59566342411
59566343322
59566343993
59566344606
59566345032
59566347246
59566400114
59566400643
59566400788
59566400804
59566400874
59566400881
59566400883
59566400885
59566401036
59566401038
59566401447
59566401485
59566401737
59566402293
59566402865
59566403606
59566404921
59566404927
59566404988
59566405000
59566405035
59566405587
59566405767
59566406083
59566430005
59566430756
59566431185
59566431222
59566431361
59566432106
59566432223
59566433007
59566434007
59566434028
59566434636
59566434944
59566435061
59566436015
59566500287
59566500442
59566500443
59566502172
59566502916
59566502973
59566503089
59566503280
59566504580
59566530223
59566530608
59566531892
59567000043
59567000190
59567000657
59567000714
59567001020
59567001081
59567001301
59567001431
59567001484
59567001522
59567030043
59567030316
59567030470
59567030593
59567030631
59567030718
59567030938
59567031432
59567031433
59567100228
59567100245
59567100468
59567100470
59567100767
59567101626
59567101997
59567102119
59567103186
59567103678
59567103836
59567104659
59567130255
59567130732
59567131406
59567131861
59567132047
59567132473
59567133198
59567133319
59567134577
59567134600
59567134714
59567200164
59567200395
59567200610
59567201393
59567201822
59567201871
59567202046
59567202092
59567202138
59567202164
59567202252
59567202408
59567202771
59567203033
59567203202
59567203261
59567203699
59567203707
59567203736
59567203866
59567203991
59567204247
59567204440
59567204587
59567207783
59567207787
59567207938
59567207962
59567208042
59567209878
59567210679
59567211402
59567211881
59567212315
59567212646
59567214013
59567214492
59567215793
59567230231
59567230595
59567232164
59567233658
59567233694
59567233901
59567234172
59567234361
59567236026
59567238063
59567238162
59567238745
59567240646
59567243052
59567243996
59567245019
59567300044
59567300281
59567300735
59567301623
59567301898
59567301947
59567302197
59567303027
59567303032
59567303219
59567303369
59567303526
59567304870
59567305010
59567305073
59567305925
59567306000
59567306999
59567307358
59567308069
59567309371
59567309380
59567309664
59567309854
59567309881
59567310845
59567310888
59567312015
59567312755
59567312868
59567312926
59567314549
59567314874
59567315685
59567315973
59567316153
59567316303
59567316361
59567316464
59567316569
59567317079
59567317081
59567317281
59567317525
59567318151
59567330116
59567330675
59567331288
59567332012
59567332057
59567332385
59567333347
59567333367
59567334073
59567335010
59567336414
59567336847
59567337074
59567337765
59567339098
59567339202
59567339617
59567339818
59567340197
59567342057
59567342347
59567345413
59567347919
59567348245
59567400061
59567400327
59567400386
59567400491
59567400570
59567400633
59567401141
59567401777
59567401778
59567402001
59567402616
59567402942
59567402948
59567402972
59567402975
59567402982
59567403042
59567404252
59567404492
59567404493
59567404727
59567405470
59567405471
59567405472
59567405473
59567430717
59567431204
59567431298
59567431364
59567431580
59567432514
59567434705
59567435339
59567435414
59567501681
59567501792
59567501808
59567530159
59567530344
59567530704
59567531573
60560000092
60560000110
60560000252
60560030006
60560030069
60560030092
60560030110
60560100107
60560100135
60560100711
60560100920
60560101270
60560102309
60560102701
60560102728
60560102735
60560130107
60560130137
60560131037
60560132309
60560200254
60560200421
60560200588
60560200590
60560200867
60560201091
60560201134
60560201180
60560201230
60560201659
60560201674
60560202707
60560203343
60560203562
60560203574
60560203962
60560204012
60560204024
60560204386
60560204760
60560204790
60560204855
60560205343
60560205590
60560206171
60560207528
60560207705
60560208006
60560208009
60560208010
60560209095
60560209380
60560230267
60560230404
60560231259
60560233372
60560233702
60560234194
60560234409
60560234629
60560236593
60560237798
60560238977
60560239016
60560239354
60560300168
60560300213
60560300220
60560300306
60560300395
60560300476
60560300619
60560300875
60560300892
60560300895
60560300960
60560301400
60560301452
60560302304
60560302311
60560302419
60560302835
60560302912
60560302915
60560302919
60560302920
60560302924
60560302925
60560303929
60560304549
60560305691
60560330719
60560330994
60560331611
60560332697
60560332851
60560335282
60560335294
60560335648
60560400056
60560400153
60560400203
60560400471
60560400484
60560400527
60560400537
60560400712
60560400910
60560401240
60560402131
60560402211
60560402459
60560402689
60560402944
60560403324
60560403528
60560403571
60560403833
60560403844
60560403938
60560404263
60560404337
60560430604
60560430890
60560431230
60560431231
60560431242
60560431452
60560432796
60560432939
60560433384
60560433833
60560433844
60560500137
60560501100
60560531416
60561030005
60561030064
60561030161
60561100723
60561101680
60561130311
60561130737
60561200125
60561200143
60561200207
60561200331
60561200681
60561201309
60561201497
60561202286
60561202364
60561202441
60561202543
60561202671
60561202756
60561202972
60561203361
60561203582
60561230290
60561230522
60561230703
60561230955
60561231180
60561231275
60561232435
60561233889
60561233891
60561300020
60561300433
60561300816
60561301752
60561301779
60561301876
60561330550
60561330708
60561330720
60561331871
60561331924
60561332180
60561332622
60561400037
60561400060
60561400193
60561400774
60561401079
60561401085
60561401212
60561402160
60561430029
60561431317
60561431412
60561431969
60561433309
60561500141
60561500477
60561500478
60561501208
60561502668
60561502966
60561530710
60561532977
60562000039
60562100062
60562100073
60562100645
60562101030
60562101042
60562101774
60562102718
60562130254
60562131030
60562131183
60562131244
60562131359
60562131680
60562132042
60562132154
60562132683
60562133032
60562133169
60562200683
60562200712
60562201086
60562201549
60562201608
60562230277
60562230985
60562300224
60562300576
60562300650
60562300853
60562300881
60562301432
60562301438
60562301522
60562330353
60562400534
60562401458
60562401730
60562430021
60562431643
60562500251
60562500380
60562501334
60562530164
60562531242
60562531644
60562531693
60562531941
60562531983
